2890
3855
910
4474
1088
349
232
2927
1739
3970
1968
3238
3472
882
1689
1436
1670
1050
548
1984
3234
356
2502
634
2893
324
2866
4038
3740
1964
2824
4938
2864
1368
3018
4740
3710
4747
1241
3605
3437
1845
56
3461
2915
2066
1535
14
1069
4883
2780
3273
2932
3483
2895
2379
4900
2249
835
4641
1954
2378
2895
885
2244
4307
3611
4391
916
205
1162
3423
4012
2125
2039
4873
3202
806
4210
776
2989
4154
3379
4045
2212
1856
2917
1154
617
3777
926
1657
4122
958
3412
49
2813
4149
4908
1129
3904
4844
3294
4092
3295
3349
2571
3015
2503
3966
3529
368
1955
2963
3301
3867
4911
3966
1196
4030
1931
3509
1029
2930
732
2442
3447
2617
4185
4819
4516
1508
1916
4849
3503
847
2332
1720
1979
3997
4617
4579
2880
3599
3869
171
3630
2297
243
2662
1600
1067
3062
241
2786
415
1435
513
2820
1516
2624
955
4310
1505
3720
41
4143
3926
3813
796
3997
1988
529
456
614
2958
1028
1476
1723
2959
3040
1121
1843
3804
3738
3387
3375
4031
2455
3701
2719
467
4659
4326
3477
4014
1003
2372
620
3472
2249
300
1902
1152
222
2556
4850
1146
673
3524
4357
3415
1649
349
3808
3139
87
4188
1480
1327
555
1897
982
435
372
2806
283
595
2210
2138
4927
1044
1763
3748
2987
2582
2196
1650
4967
3516
4898
1436
1912
2492
195
1919
1491
1156
4197
4844
4768
3331
180
2361
880
2601
89
1923
265
2459
4041
3370
3868
3906
2471
4902
4705
2918
3046
2933
3458
3568
937
1226
2178
73
3658
3076
1177
2645
821
2114
4508
3981
1906
4657
696
4776
663
2981
908
2929
2236
133
1330
7
1723
3253
3347
2027
2697
4743
3653
2142
2440
1910
1287
2153
4834
2719
255
432
906
3964
1482
3338
4956
677
3075
2306
2338
83
878
751
4740
445
3666
2006
2853
1677
792
4554
3744
2001
4442
4065
3420
1278
4113
1630
621
2944
2242
2552
123
1411
1579
3426
212
2820
3489
3402
1999
3021
3496
2213
2998
1140
2375
2151
778
2083
1538
657
4953
2326
1491
2563
3964
4790
4650
1067
4932
1476
345
3455
3014
1623
3976
1667
4435
2668
1669
4445
318
177
3430
4991
2963
4781
1484
1184
1085
232
4102
3371
3515
475
270
2566
515
3269
1336
1387
2736
4754
2689
4092
2553
302
4104
4981
2443
3283
4101
4952
4337
1580
741
1688
944
4808
1030
2957
947
1635
2787
3476
3418
667
2537
581
1947
70
830
38
4356
4485
2623
3155
4127
1306
185
2831
1625
3986
3856
4839
1943
2704
519
115
651
4437
3166
3949
3699
1610
2661
869
927
3896
1838
4246
3014
3716
3517
3755
4466
2403
656
3982
3262
2122
4984
2633
1009
4076
738
3636
2292
4812
4483
4433
3605
1570
1432
2940
221
4471
4520
311
4076
1759
3972
1508
3577
3800
3858
909
