2839
2000
3310
3789
2956
4698
4477
3102
1651
4466
3490
2490
1086
2338
2721
3101
377
2094
3666
522
3970
702
3957
4657
2709
4314
3224
1276
4339
1638
2406
465
2445
554
4012
1288
2056
3744
2874
4688
3882
4294
2433
4074
2023
2495
835
2510
4622
3313
4233
1591
4384
994
2955
1340
2854
2968
1073
3746
3068
2342
3154
733
2305
1559
2923
3103
1587
1526
3510
4128
1965
2182
1250
4079
3536
4337
545
1665
570
937
2046
2172
4520
825
3964
1048
1883
2840
3964
4412
4945
530
2826
4354
1647
21
3897
917
4646
648
2821
524
3506
4755
1102
572
3177
4858
1202
179
4703
390
3369
75
2715
817
3333
1460
4784
1309
3483
2448
957
4640
150
5
4635
1746
3689
2186
3778
3641
2498
3197
3640
1240
2476
3120
4375
2133
769
843
4106
295
2244
1048
4230
4529
2482
271
4792
2737
327
1477
442
569
3078
5
3376
2248
2115
4510
1493
4255
291
704
2677
4115
3748
1370
4521
3613
3162
310
4704
1476
2379
126
831
3150
2226
2369
1673
3467
4041
2709
4114
3231
1712
3708
729
3744
2035
2647
4118
4060
2447
1189
1964
2284
3213
4682
1411
4227
2826
2705
2416
3346
1967
4614
955
1659
3514
142
2013
1535
732
2371
1925
3760
3259
4512
2869
4555
533
998
4029
454
2882
3333
653
401
1184
624
3293
2333
492
3350
4859
689
4890
1667
851
1762
3125
3601
1700
2808
3821
800
1869
2006
4513
3295
1830
1258
3545
3259
3512
196
3929
2491
88
534
2242
525
143
1860
4117
1015
3851
3432
4941
2569
1440
849
2649
2598
4468
2596
4774
959
668
1197
4278
1588
3163
3007
4133
4194
1385
4822
4124
3923
1652
4727
2772
4709
1477
199
1456
4333
2785
4355
813
2859
1383
1594
4458
2452
3821
405
685
822
4802
1077
903
4791
4441
3304
1986
1330
4163
4400
200
1223
22
4370
297
932
4480
2479
4250
4644
1195
1458
2211
4926
996
4793
436
1833
3645
1562
1049
4816
4305
3986
678
2995
4749
444
844
2597
3626
4310
340
1484
2947
699
675
2609
4605
2840
1215
1635
4293
3567
2745
356
40
1708
56
193
2868
726
770
4068
1876
3284
2184
4163
4892
3652
4627
2579
2471
599
2326
869
731
2989
3873
3503
3764
247
4804
835
883
3219
2355
1110
883
4578
2199
819
22
4519
157
1811
4173
1430
4116
833
2584
173
4222
2028
107
425
914
4217
2591
3504
3655
2195
658
4344
1591
3046
1217
783
4431
397
1816
4170
1261
4077
1620
1218
2245
2405
1901
1984
2846
3931
3624
4031
1583
2826
4037
4144
4724
1688
1322
2059
375
1687
438
2349
2374
1541
2591
338
1623
3626
322
488
2623
3262
750
2542
4316
1751
3411
1931
141
3547
236
109
1989
4169
3007
2261
2338
2197
29
1036
2067
4019
4625
1904
2261
3029
1383
1710
4695
3861
