1549
3269
2269
4730
4369
1096
4027
3466
24
1656
1007
1894
4253
4920
1022
4505
4645
1224
4226
1733
3667
2492
1169
4440
2361
1208
967
3429
555
3827
3104
3851
418
3379
3452
825
290
2116
2461
3728
1615
3253
1168
2283
190
3112
1708
4534
68
1557
1971
1051
3270
1214
3190
2857
4891
2611
3633
2649
1877
3539
4407
3128
4817
2331
278
1344
815
2830
4441
1910
4123
339
2775
1703
4107
812
3863
2610
3389
4730
49
4441
3379
3495
2397
1841
86
1202
1198
2345
4147
4203
2824
2749
3706
2967
3922
1276
1734
1045
1103
3830
4169
3325
3505
262
1468
1776
3612
2868
2628
1490
492
2442
4145
3951
1347
453
3768
2485
3442
2292
4712
4594
859
4249
1889
2077
4903
3847
3539
2786
685
3932
4974
1832
1704
1774
2021
4919
3619
2985
2035
3047
3650
4043
4845
198
3056
3665
4616
2993
989
2142
3956
1323
4622
2533
2441
1689
902
2217
1735
1861
2872
1365
3832
3464
225
3735
1733
1209
724
1159
262
493
4286
1903
3207
1378
339
1928
4748
3061
465
3330
1312
4039
3009
2327
2173
4133
359
3933
4878
2327
4208
4663
3529
1365
2659
2227
441
1305
3551
4975
2301
315
1633
1609
1063
3781
4175
2888
965
3117
3498
150
4764
4150
501
373
3402
4119
2530
2053
3509
3901
3727
2709
356
3260
1132
1396
302
2356
822
1669
4205
3482
2652
4498
3644
1047
274
2714
3448
915
789
755
2272
2070
4582
3725
2688
4934
1312
4409
3385
615
3599
4669
233
378
3802
147
3002
4575
2266
289
1589
2581
3999
1977
423
977
2211
4642
1270
1673
932
4437
46
36
4658
849
1261
3674
397
1222
3143
2398
3590
4400
716
1764
1125
15
3906
2939
65
4650
4339
1301
4531
864
4074
837
1752
4589
3016
1768
2680
823
3286
429
1006
4006
15
3809
146
2221
2376
2822
2471
2979
4143
2899
1120
2105
4413
2521
897
3452
2582
3849
2947
1346
2826
4860
1041
1107
381
3129
3519
1309
179
450
4040
906
1829
4751
3817
3578
4067
1598
1349
3863
1165
2604
1904
1959
3422
2315
424
2973
1799
1016
1500
3113
1592
1010
1715
1327
4167
539
2702
3630
2344
3464
2445
4646
1178
4622
1615
2878
1225
4869
333
2692
1942
1155
2647
495
2050
2904
2517
2173
194
2005
4136
4814
4952
2869
1007
4020
3258
2741
1553
2226
3231
4372
3836
3286
3796
3065
3668
1679
1366
4263
4829
4958
168
1440
282
1620
4158
4899
3286
2450
237
263
4048
4530
3581
3193
1462
3961
1004
1984
3466
1388
2979
4000
19
1105
889
3756
1490
3199
3233
2660
4357
4132
1544
1256
2737
4045
221
4526
3236
314
1741
968
3552
4986
1863
2072
2689
4562
2498
2641
665
3257
3472
3927
1704
3153
959
4974
3845
4930
1262
2080
2579
2371
3314
1202
310
2484
4885
3752
2317
1601
630
1178
2545
1192
