1566
3264
1095
4759
324
1908
2348
3515
1108
3713
4848
17
208
2096
3737
3627
3207
133
659
646
1194
1036
10
3872
4467
3764
3975
3426
4218
1489
4194
2667
4519
2369
1553
3434
2498
2993
2522
1668
2584
370
4183
30
310
62
241
427
1696
2720
1997
4758
3454
4796
3630
4944
4291
3288
2605
2397
767
1165
1154
4387
1645
1968
3586
2208
782
1918
4918
951
358
480
4044
1955
1180
4774
3310
2713
1907
192
4466
3193
3653
4306
2618
3767
3113
3496
2473
4369
788
1240
4834
1211
331
2276
1650
3056
3765
317
1265
4493
4775
1127
1290
4651
2031
4868
513
536
146
2535
3900
546
1819
2893
2881
191
1026
4376
373
496
1995
84
2354
4099
4793
1819
4803
2986
4272
725
4214
2509
4706
2620
4076
4565
4420
1847
3731
3697
4722
162
2289
4093
2908
161
1322
2092
3854
3080
3247
3272
4645
2993
4245
1999
3370
93
969
1216
1464
3042
438
142
4081
955
2093
3259
34
2904
2557
283
317
759
2512
2024
4496
1022
1078
427
1047
547
1029
1167
2416
2532
696
4777
2537
1435
644
4719
4963
4888
3572
271
302
1703
4122
1472
1840
3367
1178
974
4720
1505
1792
2638
4085
2692
1226
3177
4439
3306
3384
3462
1568
3976
2288
1968
2018
4723
2130
921
1626
4450
561
4363
2686
3425
4090
4475
1571
3434
3308
1748
3614
1397
3094
1190
3052
3215
2897
1719
2261
4550
1137
1070
3813
4887
691
393
275
768
1820
3317
1785
3625
3135
1276
984
4881
2441
1411
2282
1104
1962
3999
2367
260
162
6
1384
2003
2985
4507
3683
3096
2100
4143
4089
609
3745
1796
3465
767
2984
1559
4311
3920
2624
2594
1317
4981
3003
4311
4143
2702
808
3388
3757
735
4515
409
479
661
1412
1641
4094
1753
2723
4002
2800
4774
320
2943
1607
2037
4451
674
4082
4256
2114
3211
222
4368
1366
3214
2198
1134
3755
4099
1968
1342
217
2268
4500
4073
1274
2501
3275
611
3305
4437
2997
489
465
3045
2773
935
4326
2152
4210
3360
1829
460
169
2630
4220
4444
1033
2546
4862
2726
1930
4328
4176
4177
3818
3971
702
1746
2201
1034
2676
1082
2633
4110
720
2222
4857
1867
2594
1696
2271
4312
2136
4014
721
2329
4851
3901
4699
1695
906
2253
4191
1095
2673
3567
3698
2191
2902
1483
3676
4551
3507
664
3658
2680
4102
173
1272
3571
4055
3082
381
1747
3195
1662
3803
4815
2492
3692
1243
1828
1657
499
2339
3079
1293
4943
433
4533
383
2415
3654
4759
3485
2615
3361
2774
3571
857
1780
101
827
1887
2471
1662
4018
639
3954
3382
3401
1254
3867
4931
615
49
4080
3053
2003
30
1978
799
3441
3584
4293
4496
2936
1020
4477
2425
847
1277
18
4946
4663
2332
502
2843
4394
3549
3767
3228
813
4721
1647
2489
2310
3404
383
957
1990
3196
