1939
1447
3946
1172
2181
2562
1863
1124
3475
2319
305
1743
2561
3285
4796
4980
1545
3687
2619
4579
1650
2883
2616
3058
2764
2419
4815
4723
1334
3011
2252
1091
3568
1562
3331
596
4416
1550
2242
4134
739
3074
4718
2845
2482
4079
2719
3675
410
1276
852
4996
3535
326
1895
693
4184
3095
725
1892
2583
4765
2868
2554
1538
2880
3381
1374
1184
3401
3559
1616
110
715
3709
3677
2202
1798
437
3659
1192
3463
594
2694
2737
4672
2929
4147
1290
1139
862
4140
4964
1598
1283
3931
4939
3288
4031
4324
2162
456
3525
449
2328
2985
3462
4766
4153
2688
681
3295
3519
3812
314
291
3954
652
1746
4740
4521
1819
3331
3522
3031
929
3525
414
895
2498
4448
1956
400
509
3358
3493
706
458
1717
2287
4507
4234
1276
4611
4027
3696
2632
957
4510
332
3052
499
3495
3760
88
298
2745
1528
1540
207
1433
3346
4694
4977
521
4221
758
961
3830
16
3869
3551
3974
421
2569
2704
3921
4800
3278
4724
973
1098
3819
766
3416
4246
3441
3851
290
3144
3681
4491
4518
3056
1430
4276
1980
2378
1527
4359
2456
158
1089
514
26
3413
3858
403
3540
749
4729
2040
4986
4966
3581
4147
4168
108
1955
3139
365
3464
2226
4603
912
719
474
3859
1356
2714
582
1668
137
1780
395
1980
4505
3088
1774
221
2404
2409
1092
171
4462
1163
1837
327
2055
2785
3926
4572
902
2773
4707
2667
2910
2701
1080
957
3095
1333
2981
3693
2918
3784
3864
2556
4715
1815
3718
411
580
2842
4330
1941
286
2798
4739
1018
2772
3900
1312
4142
566
1368
1261
3508
3606
1033
4698
1581
972
2938
1553
3083
3466
4071
4205
3904
1981
2823
3010
3827
396
4514
531
638
446
3223
2382
2759
532
2283
3348
4600
3853
4513
2153
4565
883
734
3357
3490
3537
103
2547
2223
3060
1580
3206
3505
4683
1202
4631
528
4101
3596
4393
1705
2446
3193
3820
2010
4127
692
4082
2793
4205
2740
3737
4564
4492
669
3205
1424
619
473
3690
827
4322
211
3051
3772
4623
3157
589
1361
649
3588
3173
2663
4808
3185
1032
2908
3323
2401
1401
2703
4574
1283
144
1518
4876
4399
4628
1205
150
4235
3268
3512
1694
3456
2112
3036
2158
4454
1381
2940
601
2605
3814
4463
5000
3734
3470
2480
2699
344
3272
198
3369
2984
200
585
4739
2959
1371
511
2003
1483
914
3945
223
1320
969
4617
1356
1879
298
2809
1353
531
4945
3128
399
2000
902
4247
3562
1805
4736
2236
2619
3593
3857
1367
493
4656
2014
758
799
2898
4533
1683
4789
130
1432
3141
958
2724
4651
338
181
1387
4974
4076
100
217
2623
260
2473
700
4314
469
4509
145
1357
2292
51
1646
4493
1059
1179
4739
2071
4098
3320
1853
3449
2640
4031
1768
2446
2465
3082
2077
4895
2427
